[gd_scene load_steps=29 format=3 uid="uid://54tahtxj4gpu"]

[ext_resource type="Script" uid="uid://dbuguuu7gt0k0" path="res://entities/player/player_arcenal.gd" id="1_bls4j"]
[ext_resource type="PackedScene" uid="uid://b04toksfcttp8" path="res://assets/models/first_person_charter/first_person_charter_model.tscn" id="1_symyc"]
[ext_resource type="PackedScene" uid="uid://c4diri83t8ve" path="res://entities/damage_dealers/base_bullet/charter_bullet.tscn" id="2_a1qjk"]
[ext_resource type="Script" uid="uid://dci3pq65ilcom" path="res://generic_script/charter_stats.gd" id="2_wvtmh"]
[ext_resource type="AudioStream" uid="uid://dyai0mbn0nvn0" path="res://sounds/shot.wav" id="3_fkugw"]
[ext_resource type="Script" uid="uid://y4ai2mt5dx3a" path="res://entities/player/pitch_randomizer.gd" id="4_8fjmc"]
[ext_resource type="PackedScene" uid="uid://dq6pc6bk2njuy" path="res://entities/test_dumy/test_dumy.tscn" id="5_7thud"]
[ext_resource type="AudioStream" uid="uid://b6a7qjqd3pfyq" path="res://sounds/dash.wav" id="5_26q78"]
[ext_resource type="AudioStream" uid="uid://ct5nvv7wu3470" path="res://sounds/hit.wav" id="6_26q78"]
[ext_resource type="Texture2D" uid="uid://b6t5g84gkeslu" path="res://icon.svg" id="7_bectd"]
[ext_resource type="Texture2D" uid="uid://cslc1qm4ws2us" path="res://textures/grass.webp" id="10_a1qjk"]
[ext_resource type="Texture2D" uid="uid://bg8nny81qrlwx" path="res://textures/stone_floor.webp" id="11_j3ovn"]

[sub_resource type="CapsuleShape3D" id="CapsuleShape3D_sfv1e"]

[sub_resource type="StandardMaterial3D" id="StandardMaterial3D_bls4j"]
shading_mode = 0
albedo_color = Color(0, 1, 1, 1)

[sub_resource type="SphereMesh" id="SphereMesh_fkugw"]
material = SubResource("StandardMaterial3D_bls4j")
radius = 0.1
height = 0.2
radial_segments = 8
rings = 3

[sub_resource type="Animation" id="Animation_fkugw"]
length = 0.001
tracks/0/type = "value"
tracks/0/imported = false
tracks/0/enabled = true
tracks/0/path = NodePath("MuzleMesh:visible")
tracks/0/interp = 1
tracks/0/loop_wrap = true
tracks/0/keys = {
"times": PackedFloat32Array(0),
"transitions": PackedFloat32Array(1),
"update": 1,
"values": [false]
}
tracks/1/type = "scale_3d"
tracks/1/imported = false
tracks/1/enabled = true
tracks/1/path = NodePath("MuzleMesh")
tracks/1/interp = 1
tracks/1/loop_wrap = true
tracks/1/keys = PackedFloat32Array(0, 1, 1, 1, 1)

[sub_resource type="Animation" id="Animation_bls4j"]
resource_name = "muzle_shot"
length = 0.1
tracks/0/type = "position_3d"
tracks/0/imported = false
tracks/0/enabled = true
tracks/0/path = NodePath("MuzleMesh")
tracks/0/interp = 1
tracks/0/loop_wrap = true
tracks/0/keys = PackedFloat32Array(0, 1, 0, 0, 0.2)
tracks/1/type = "scale_3d"
tracks/1/imported = false
tracks/1/enabled = true
tracks/1/path = NodePath("MuzleMesh")
tracks/1/interp = 1
tracks/1/loop_wrap = true
tracks/1/keys = PackedFloat32Array(0, 1, 1, 1, 2, 0.0333333, 1, 1.2, 1.2, 2.2, 0.1, 1, 0, 0, 0)
tracks/2/type = "value"
tracks/2/imported = false
tracks/2/enabled = true
tracks/2/path = NodePath("MuzleMesh:visible")
tracks/2/interp = 1
tracks/2/loop_wrap = true
tracks/2/keys = {
"times": PackedFloat32Array(0, 0.1),
"transitions": PackedFloat32Array(1, 1),
"update": 1,
"values": [true, false]
}
tracks/3/type = "method"
tracks/3/imported = false
tracks/3/enabled = true
tracks/3/path = NodePath("MuzleSounds/BaseShot")
tracks/3/interp = 1
tracks/3/loop_wrap = true
tracks/3/keys = {
"times": PackedFloat32Array(0),
"transitions": PackedFloat32Array(1),
"values": [{
"args": [],
"method": &"play_on_random_pitch"
}]
}

[sub_resource type="AnimationLibrary" id="AnimationLibrary_fkugw"]
_data = {
&"RESET": SubResource("Animation_fkugw"),
&"muzle_shot": SubResource("Animation_bls4j")
}

[sub_resource type="StandardMaterial3D" id="StandardMaterial3D_fkugw"]
albedo_texture = ExtResource("10_a1qjk")
uv1_triplanar = true
texture_filter = 2

[sub_resource type="StandardMaterial3D" id="StandardMaterial3D_8fjmc"]
albedo_texture = ExtResource("11_j3ovn")
uv1_triplanar = true
uv1_triplanar_sharpness = 35.5062
texture_filter = 2

[sub_resource type="StandardMaterial3D" id="StandardMaterial3D_a1qjk"]
albedo_color = Color(0.605274, 0.605274, 0.605274, 1)
albedo_texture = ExtResource("11_j3ovn")
uv1_triplanar = true
uv1_triplanar_sharpness = 35.5062
texture_filter = 2

[sub_resource type="StandardMaterial3D" id="StandardMaterial3D_j3ovn"]
albedo_color = Color(0.605274, 0.605274, 0.605274, 1)
albedo_texture = ExtResource("11_j3ovn")
uv1_triplanar = true
uv1_triplanar_sharpness = 35.5062
texture_filter = 2

[sub_resource type="StandardMaterial3D" id="StandardMaterial3D_afbqv"]
albedo_color = Color(0.605274, 0.605274, 0.605274, 1)
albedo_texture = ExtResource("11_j3ovn")
uv1_triplanar = true
uv1_triplanar_sharpness = 35.5062
texture_filter = 2

[sub_resource type="StandardMaterial3D" id="StandardMaterial3D_gx6sm"]
albedo_color = Color(0.605274, 0.605274, 0.605274, 1)
albedo_texture = ExtResource("11_j3ovn")
uv1_triplanar = true
uv1_triplanar_sharpness = 35.5062
texture_filter = 2

[sub_resource type="BoxShape3D" id="BoxShape3D_a1qjk"]
size = Vector3(100, 1, 100)

[sub_resource type="ProceduralSkyMaterial" id="ProceduralSkyMaterial_a1qjk"]
sky_curve = 0.128547

[sub_resource type="Sky" id="Sky_j3ovn"]
sky_material = SubResource("ProceduralSkyMaterial_a1qjk")

[sub_resource type="Environment" id="Environment_afbqv"]
background_mode = 2
background_color = Color(1, 1, 1, 1)
sky = SubResource("Sky_j3ovn")
ambient_light_source = 2
ambient_light_color = Color(1, 1, 1, 1)
tonemap_mode = 2

[node name="Player" type="CharacterBody3D"]
script = ExtResource("1_bls4j")
bullet_scene = ExtResource("2_a1qjk")
air_movement_type = 2
air_movement_control = 10.0

[node name="CharterStats" type="Node" parent="."]
script = ExtResource("2_wvtmh")
metadata/_custom_type_script = "uid://dci3pq65ilcom"

[node name="CollisionShape3D" type="CollisionShape3D" parent="."]
shape = SubResource("CapsuleShape3D_sfv1e")

[node name="Camera3D" type="Camera3D" parent="."]
transform = Transform3D(1, 0, 0, 0, 1, 0, 0, 0, 1, 0, 0.6, 0)
cull_mask = 1
doppler_tracking = 2
current = true
fov = 90.0

[node name="RemoteCameraTransform3D" type="RemoteTransform3D" parent="Camera3D"]
remote_path = NodePath("../../SubViewportContainer/SubViewport/Camera3D")

[node name="Muzle" type="Node3D" parent="."]
transform = Transform3D(-0.999996, 0.00185056, -0.00192017, 0.00187158, 0.999938, -0.0110026, 0.00189969, -0.0110062, -0.999938, 0.404359, 0.291698, -1.18939)

[node name="MuzleMesh" type="MeshInstance3D" parent="Muzle"]
transform = Transform3D(0.999998, 0.00173186, 0.000512823, -0.00172973, 0.99999, -0.00412733, -0.000519966, 0.00412644, 0.999991, 0, 0, 0.2)
visible = false
layers = 2
mesh = SubResource("SphereMesh_fkugw")

[node name="MuzleSounds" type="Node3D" parent="Muzle"]
transform = Transform3D(1, -2.5284e-10, 2.91038e-11, -2.7967e-10, 1, 0, 2.91038e-11, 0, 1, 0, 0, 0)

[node name="BaseShot" type="AudioStreamPlayer" parent="Muzle/MuzleSounds"]
stream = ExtResource("3_fkugw")
volume_db = -10.0
script = ExtResource("4_8fjmc")

[node name="AnimationPlayer" type="AnimationPlayer" parent="Muzle"]
libraries = {
&"": SubResource("AnimationLibrary_fkugw")
}

[node name="PlayerSounds" type="Node3D" parent="."]

[node name="jump" type="AudioStreamPlayer" parent="PlayerSounds"]
stream = ExtResource("5_26q78")
volume_db = -10.0
pitch_scale = 4.0

[node name="fall" type="AudioStreamPlayer" parent="PlayerSounds"]
stream = ExtResource("6_26q78")
volume_db = -10.0
pitch_scale = 1.2

[node name="dash" type="AudioStreamPlayer" parent="PlayerSounds"]
stream = ExtResource("5_26q78")
volume_db = -10.0
pitch_scale = 1.2

[node name="SubViewportContainer" type="SubViewportContainer" parent="."]
anchors_preset = 15
anchor_right = 1.0
anchor_bottom = 1.0
grow_horizontal = 2
grow_vertical = 2
size_flags_horizontal = 3
size_flags_vertical = 3
stretch = true
metadata/_edit_use_anchors_ = true

[node name="SubViewport" type="SubViewport" parent="SubViewportContainer"]
transparent_bg = true
handle_input_locally = false
size = Vector2i(480, 360)
render_target_update_mode = 4

[node name="Camera3D" type="Camera3D" parent="SubViewportContainer/SubViewport"]
transform = Transform3D(1, 0, 0, 0, 1, 0, 0, 0, 1, 0, 0.6, 0)
cull_mask = 2
current = true
fov = 90.0

[node name="first_person_charter" parent="SubViewportContainer/SubViewport/Camera3D" node_paths=PackedStringArray("muzle") instance=ExtResource("1_symyc")]
transform = Transform3D(-1, 0, 8.74228e-08, 0, 1, 0, -8.74228e-08, 0, -1, 0.156363, -0.166161, 0)
muzle = NodePath("../../../../Muzle")

[node name="CenterContainer" type="CenterContainer" parent="."]
anchors_preset = 15
anchor_right = 1.0
anchor_bottom = 1.0
grow_horizontal = 2
grow_vertical = 2
size_flags_horizontal = 3
size_flags_vertical = 3
metadata/_edit_use_anchors_ = true

[node name="TextureRect" type="TextureRect" parent="CenterContainer"]
custom_minimum_size = Vector2(16, 16)
layout_mode = 2
texture = ExtResource("7_bectd")
expand_mode = 1

[node name="CSGCombiner3D" type="CSGCombiner3D" parent="."]
top_level = true
use_collision = true

[node name="CSGBox3D" type="CSGBox3D" parent="CSGCombiner3D"]
transform = Transform3D(1, 0, 0, 0, 1, 0, 0, 0, 1, 0, -2, 0)
size = Vector3(100, 1, 100)
material = SubResource("StandardMaterial3D_fkugw")

[node name="CSGCylinder3D" type="CSGCylinder3D" parent="CSGCombiner3D"]
transform = Transform3D(1, 0, 0, 0, -4.37114e-08, 1, 0, -1, -4.37114e-08, 5, -4, -13.5)
radius = 3.0
height = 13.0
material = SubResource("StandardMaterial3D_8fjmc")

[node name="CSGBox3D2" type="CSGBox3D" parent="CSGCombiner3D"]
transform = Transform3D(0.866025, 0, 0.5, 0, 1, 0, -0.5, 0, 0.866025, -6, 0.5, -17)
size = Vector3(5, 6, 5)
material = SubResource("StandardMaterial3D_8fjmc")

[node name="CSGBox3D3" type="CSGBox3D" parent="CSGCombiner3D"]
transform = Transform3D(1, 0, 2.08616e-07, 0, 1, 0, -2.08616e-07, 0, 1, -50, 5.5, 0)
size = Vector3(1, 16, 100)
material = SubResource("StandardMaterial3D_a1qjk")

[node name="CSGBox3D4" type="CSGBox3D" parent="CSGCombiner3D"]
transform = Transform3D(1, 0, 2.08616e-07, 0, 1, 0, -2.08616e-07, 0, 1, 50, 5.5, 0)
size = Vector3(1, 16, 100)
material = SubResource("StandardMaterial3D_j3ovn")

[node name="CSGBox3D5" type="CSGBox3D" parent="CSGCombiner3D"]
transform = Transform3D(-2.52327e-07, 0, 1, 0, 1, 0, -1, 0, -2.52327e-07, -1.62913e-06, 5.5, 50)
size = Vector3(1, 16, 100)
material = SubResource("StandardMaterial3D_afbqv")

[node name="CSGBox3D6" type="CSGBox3D" parent="CSGCombiner3D"]
transform = Transform3D(-2.52327e-07, 0, 1, 0, 1, 0, -1, 0, -2.52327e-07, -6.00027e-06, 5.5, -50)
size = Vector3(1, 16, 100)
material = SubResource("StandardMaterial3D_gx6sm")

[node name="StaticBody3D" type="StaticBody3D" parent="CSGCombiner3D"]
transform = Transform3D(1, 0, 0, 0, 1, 0, 0, 0, 1, 0, 13, 0)

[node name="CollisionShape3D" type="CollisionShape3D" parent="CSGCombiner3D/StaticBody3D"]
shape = SubResource("BoxShape3D_a1qjk")

[node name="TestDumy" parent="CSGCombiner3D" instance=ExtResource("5_7thud")]
transform = Transform3D(0.00192743, 0.01874, -0.999822, 0.00595839, 0.999806, 0.0187511, 0.99998, -0.00599348, 0.0018154, 10.2068, -0.515815, -0.645809)

[node name="TestDumy2" parent="CSGCombiner3D" instance=ExtResource("5_7thud")]
transform = Transform3D(0.00192743, 0.01874, -0.999822, 0.00595839, 0.999806, 0.0187511, 0.99998, -0.00599348, 0.0018154, 23.2068, -0.515815, -6.64581)

[node name="TestDumy6" parent="CSGCombiner3D" instance=ExtResource("5_7thud")]
transform = Transform3D(0.00192743, 0.01874, -0.999822, 0.00595839, 0.999806, 0.0187511, 0.99998, -0.00599348, 0.0018154, 23.2068, 5.48419, -6.64581)

[node name="TestDumy4" parent="CSGCombiner3D" instance=ExtResource("5_7thud")]
transform = Transform3D(0.00192743, 0.01874, -0.999822, 0.00595839, 0.999806, 0.0187511, 0.99998, -0.00599348, 0.0018154, 15.2068, -0.515815, 3.35419)

[node name="TestDumy5" parent="CSGCombiner3D" instance=ExtResource("5_7thud")]
transform = Transform3D(0.00192743, 0.01874, -0.999822, 0.00595839, 0.999806, 0.0187511, 0.99998, -0.00599348, 0.0018154, 15.2068, 3.48418, 3.35419)

[node name="TestDumy3" parent="CSGCombiner3D" instance=ExtResource("5_7thud")]
transform = Transform3D(0.00192743, 0.01874, -0.999822, 0.00595839, 0.999806, 0.0187511, 0.99998, -0.00599348, 0.0018154, 33.2068, -0.515815, 5.35419)

[node name="TestDumy7" parent="CSGCombiner3D" instance=ExtResource("5_7thud")]
transform = Transform3D(0.00192743, 0.01874, -0.999822, 0.00595839, 0.999806, 0.0187511, 0.99998, -0.00599348, 0.0018154, 33.2068, 8.48419, 5.35419)

[node name="Label3D" type="Label3D" parent="CSGCombiner3D"]
transform = Transform3D(1, 0, 0, 0, 1, 0, 0, 0, 1, 18, 2, -1)
pixel_size = 0.025
billboard = 1
texture_filter = 2
modulate = Color(0, 0, 1, 1)
outline_modulate = Color(0, 0, 0, 0)
text = "shot us"

[node name="WorldEnvironment" type="WorldEnvironment" parent="CSGCombiner3D"]
environment = SubResource("Environment_afbqv")
